50 -> 1033, 2209, 0, 0, 11, 1021, 0, 0, 0, 0, 0, 0, 0, 0, 0, 0, 319, 15, 0, 0, 333, 817, 125, 0, 14, 57, 29, 0, 0, 10, 4, 0, 41, 0, 0, 0, 599, 627, 3, 0, 270, 595, 103, 10, 14, 41, 20, 6, 0, 0, 0, 0, 64, 60, 0, 0, 251, 2470, 2300, 1, 254, 3552, 4766, 4164, 
49 -> 1514, 0, 0, 0, 0, 0, 0, 0, 0, 0, 0, 0, 0, 0, 0, 0, 60, 0, 0, 0, 35, 35, 0, 0, 0, 0, 0, 0, 0, 0, 0, 0, 3, 0, 0, 0, 70, 85, 0, 0, 42, 161, 100, 0, 0, 0, 1, 0, 0, 0, 0, 0, 4, 0, 0, 0, 2860, 614, 431, 0, 2, 370, 294, 633, 
48 -> 543, 44, 0, 0, 10, 2289, 1597, 0, 0, 4, 1301, 0, 0, 0, 0, 0, 406, 3, 0, 0, 258, 570, 36, 0, 0, 9, 1489, 108, 0, 0, 0, 22, 0, 0, 0, 0, 7, 356, 0, 0, 0, 310, 154, 5, 0, 0, 5, 36, 0, 0, 0, 0, 0, 0, 0, 0, 0, 347, 966, 0, 0, 0, 80, 1306, 
47 -> 1, 0, 0, 0, 0, 0, 0, 0, 0, 0, 0, 0, 0, 0, 0, 0, 214, 0, 0, 0, 101, 12, 0, 0, 0, 0, 0, 0, 0, 0, 0, 0, 0, 0, 0, 0, 51, 1664, 0, 0, 0, 895, 272, 0, 0, 0, 0, 0, 0, 0, 0, 0, 0, 11, 0, 0, 0, 211, 3574, 0, 0, 0, 210, 137, 
46 -> 30, 0, 0, 0, 0, 0, 0, 0, 0, 0, 0, 0, 0, 0, 0, 0, 238, 0, 0, 0, 66, 18, 0, 0, 0, 0, 0, 0, 0, 0, 0, 0, 0, 0, 0, 0, 72, 3732, 0, 0, 0, 1143, 66, 0, 0, 0, 0, 0, 0, 0, 0, 0, 0, 11, 0, 0, 0, 1549, 5460, 0, 0, 0, 232, 319, 
45 -> 718, 0, 0, 0, 0, 0, 0, 0, 0, 0, 0, 0, 0, 0, 0, 0, 2383, 0, 0, 0, 608, 73, 0, 0, 0, 0, 0, 0, 0, 0, 0, 0, 651, 42, 0, 0, 638, 4703, 0, 0, 0, 1013, 1882, 0, 0, 0, 0, 0, 0, 0, 0, 0, 0, 993, 65, 0, 0, 596, 6716, 32, 0, 0, 891, 4920, 
44 -> 199, 19, 0, 0, 10, 429, 992, 0, 0, 0, 147, 2, 0, 0, 0, 0, 122, 1, 0, 0, 177, 1431, 1332, 1, 0, 43, 21843, 8469, 0, 0, 2, 98, 0, 0, 0, 0, 0, 1297, 2, 0, 0, 1063, 9340, 5058, 0, 0, 109, 6298, 0, 0, 0, 0, 0, 0, 0, 0, 0, 0, 3, 0, 0, 0, 0, 25, 
43 -> 0, 0, 0, 0, 0, 0, 0, 0, 0, 0, 0, 0, 0, 0, 0, 0, 1, 0, 0, 0, 2, 0, 0, 0, 0, 0, 0, 0, 0, 0, 0, 0, 0, 0, 0, 0, 166, 0, 0, 0, 887, 35, 1, 0, 0, 0, 0, 0, 0, 0, 0, 0, 0, 0, 0, 0, 3314, 72, 2, 0, 7509, 1486, 298, 4352, 
42 -> 15349, 40, 0, 0, 2, 14, 0, 0, 0, 0, 0, 0, 0, 0, 0, 0, 556, 11, 0, 0, 134, 3550, 8, 0, 0, 0, 0, 0, 0, 0, 0, 0, 0, 0, 0, 0, 4, 547, 1, 0, 0, 242, 372, 2, 0, 0, 0, 1, 0, 0, 0, 0, 0, 3, 0, 0, 0, 201, 934, 1, 0, 0, 322, 5082, 
41 -> 19331, 93, 0, 0, 3, 34, 0, 0, 0, 0, 0, 0, 0, 0, 0, 0, 455, 44, 0, 0, 339, 1067, 0, 0, 0, 0, 1, 0, 0, 0, 0, 0, 0, 0, 0, 0, 279, 1057, 2, 0, 0, 1077, 947, 1, 0, 0, 4, 1, 0, 0, 0, 0, 0, 19, 0, 0, 0, 717, 2007, 2, 0, 0, 1036, 7784, 
40 -> 19181, 577, 0, 0, 749, 10507, 0, 0, 0, 3, 0, 0, 0, 0, 0, 0, 722, 123, 0, 0, 490, 10066, 118, 0, 0, 164, 442, 0, 0, 0, 0, 0, 209, 95, 0, 0, 1, 2402, 115, 0, 0, 933, 2437, 78, 0, 0, 21, 221, 19, 47, 0, 0, 0, 167, 45, 0, 0, 1, 2565, 69, 0, 0, 287, 1746, 
39 -> 11037, 85, 0, 0, 837, 4120, 0, 0, 0, 0, 0, 0, 0, 0, 0, 0, 224, 19, 0, 0, 157, 2484, 1056, 0, 0, 55, 5009, 5, 0, 0, 0, 0, 2, 1, 0, 0, 0, 306, 11, 0, 0, 162, 743, 163, 0, 0, 4, 44, 0, 0, 0, 0, 0, 3, 1, 0, 0, 17, 744, 4, 0, 0, 310, 777, 
38 -> 3398, 0, 0, 0, 282, 0, 0, 0, 0, 0, 0, 0, 0, 0, 0, 0, 264, 0, 0, 0, 5702, 24269, 0, 0, 0, 23, 0, 0, 0, 0, 0, 0, 0, 0, 0, 0, 120, 417, 0, 0, 0, 848, 544, 0, 0, 0, 7, 0, 0, 0, 0, 0, 0, 0, 0, 0, 0, 37, 895, 0, 0, 0, 1020, 11479, 
37 -> 5063, 785, 5269, 851, 10, 96, 842, 5480, 0, 0, 0, 0, 0, 0, 0, 0, 451, 52, 2, 0, 115, 3174, 538, 29, 0, 33, 112, 7, 0, 0, 0, 0, 3, 0, 0, 0, 11, 509, 45, 0, 0, 273, 3838, 389, 0, 0, 9, 104, 0, 0, 0, 0, 0, 3, 4, 0, 0, 130, 2568, 55, 0, 0, 2582, 21630, 
36 -> 786, 737, 1232, 0, 0, 102, 11041, 1171, 0, 0, 1, 165, 0, 0, 0, 0, 1028, 11, 0, 0, 182, 161, 191, 33, 0, 0, 62, 477, 0, 0, 0, 50, 0, 0, 0, 0, 45, 304, 5, 0, 0, 107, 243, 97, 0, 0, 0, 119, 0, 0, 0, 0, 0, 1, 0, 0, 0, 200, 1483, 12, 0, 0, 1694, 5092, 
35 -> 16186, 256, 0, 0, 0, 47, 0, 0, 0, 0, 0, 0, 0, 0, 0, 0, 272, 36, 0, 0, 167, 934, 0, 0, 0, 0, 0, 0, 0, 0, 0, 0, 5, 0, 0, 0, 9, 589, 1, 0, 0, 394, 218, 4, 0, 0, 0, 0, 0, 0, 0, 0, 0, 6, 0, 0, 0, 224, 1567, 1, 0, 0, 254, 3216, 
34 -> 83, 617, 1048, 0, 0, 11, 5366, 0, 0, 0, 0, 0, 0, 0, 0, 0, 221, 57, 11, 0, 261, 195, 5877, 58, 0, 0, 3, 0, 0, 0, 0, 0, 0, 0, 0, 0, 204, 830, 24, 0, 0, 582, 201, 32, 0, 0, 0, 3, 0, 0, 0, 0, 0, 16, 0, 0, 0, 697, 1057, 9, 0, 0, 1772, 3025, 
33 -> 152, 11, 0, 0, 18, 133, 80, 0, 0, 2, 1902, 6355, 0, 0, 1, 242, 326, 0, 0, 0, 92, 181, 3, 0, 0, 3, 79, 25, 0, 0, 4, 79, 0, 0, 0, 0, 24, 140, 0, 0, 0, 79, 120, 0, 0, 0, 11, 115, 0, 0, 0, 0, 0, 0, 0, 0, 0, 30, 372, 0, 0, 0, 1509, 2804, 
32 -> 430, 87, 0, 0, 1, 129, 785, 1, 0, 0, 532, 7365, 0, 0, 0, 3, 381, 4, 0, 0, 168, 240, 17, 0, 0, 4, 73, 65, 0, 0, 0, 16, 0, 0, 0, 0, 27, 203, 2, 0, 0, 175, 175, 15, 0, 0, 5, 118, 0, 0, 0, 0, 0, 3, 0, 0, 0, 228, 593, 2, 0, 0, 601, 1272, 
31 -> 14, 0, 0, 0, 13, 137, 14, 0, 0, 20, 1426, 1906, 0, 0, 26, 9600, 96, 0, 0, 0, 136, 124, 0, 0, 0, 38, 178, 13, 0, 0, 9, 92, 1, 0, 0, 0, 129, 512, 0, 0, 0, 409, 224, 1, 0, 0, 28, 151, 0, 0, 0, 0, 0, 5, 0, 0, 0, 310, 998, 2, 0, 0, 1262, 3576, 
30 -> 18955, 4, 0, 0, 0, 0, 0, 0, 0, 0, 0, 0, 0, 0, 0, 0, 4, 0, 0, 0, 2, 304, 0, 0, 0, 0, 0, 0, 0, 0, 0, 0, 0, 0, 0, 0, 0, 9, 0, 0, 0, 24, 517, 1, 0, 0, 2, 0, 0, 0, 0, 0, 0, 0, 0, 0, 0, 0, 33, 1, 0, 0, 58, 7926, 
29 -> 10618, 0, 0, 0, 0, 0, 0, 0, 0, 0, 0, 0, 0, 0, 0, 0, 6101, 15, 0, 0, 114, 170, 0, 0, 0, 0, 0, 0, 0, 0, 0, 0, 1587, 3, 0, 0, 269, 672, 7, 0, 0, 336, 243, 0, 0, 0, 0, 0, 112, 0, 0, 0, 0, 29, 2, 0, 0, 1327, 3391, 14, 0, 0, 349, 7947, 
28 -> 5609, 729, 0, 0, 1, 3, 0, 0, 0, 0, 0, 0, 0, 0, 0, 0, 7120, 687, 0, 0, 574, 432, 1, 0, 0, 0, 0, 0, 0, 0, 0, 0, 3095, 901, 0, 0, 167, 1588, 9, 0, 0, 575, 204, 1, 0, 0, 0, 0, 525, 251, 0, 0, 16, 295, 0, 0, 0, 332, 1033, 3, 0, 0, 181, 2646, 
27 -> 10208, 2, 0, 0, 0, 1, 0, 0, 0, 0, 0, 0, 0, 0, 0, 0, 7353, 39, 0, 0, 495, 646, 1, 0, 0, 0, 2, 0, 0, 0, 0, 0, 2215, 24, 0, 0, 56, 974, 35, 0, 0, 225, 1577, 1478, 0, 0, 11, 1227, 487, 20, 0, 0, 0, 16, 1, 0, 0, 20, 992, 116, 0, 0, 279, 5724, 
26 -> 5423, 0, 0, 0, 10793, 18, 0, 0, 2116, 224, 0, 0, 0, 0, 0, 0, 204, 0, 0, 0, 1121, 605, 0, 0, 320, 5459, 11, 0, 0, 141, 8, 0, 0, 0, 0, 0, 459, 1107, 0, 0, 0, 4081, 7696, 0, 0, 15, 365, 0, 0, 0, 0, 0, 0, 0, 0, 0, 0, 424, 1553, 0, 0, 0, 1406, 1937, 
25 -> 549, 0, 0, 0, 0, 0, 0, 0, 0, 0, 0, 0, 0, 0, 0, 0, 409, 0, 0, 0, 138, 133, 0, 0, 0, 0, 0, 0, 0, 0, 0, 0, 1639, 37, 0, 0, 40, 284, 0, 0, 0, 181, 162, 0, 0, 0, 0, 0, 5743, 4, 0, 0, 7, 160, 23, 0, 0, 383, 1030, 33, 0, 0, 1066, 7515, 
24 -> 7478, 8, 0, 0, 0, 0, 0, 0, 0, 0, 0, 0, 0, 0, 0, 0, 4558, 1523, 0, 0, 200, 1140, 0, 0, 0, 0, 0, 0, 0, 0, 0, 0, 43, 3136, 0, 0, 7, 2977, 869, 0, 0, 218, 521, 0, 0, 0, 1, 0, 0, 32, 0, 0, 0, 133, 1232, 0, 0, 57, 2403, 52, 0, 0, 353, 8633, 
23 -> 1340, 0, 0, 0, 0, 0, 0, 0, 0, 0, 0, 0, 0, 0, 0, 0, 308, 0, 0, 0, 65, 96, 0, 0, 0, 0, 0, 0, 0, 0, 0, 0, 2260, 14, 0, 0, 513, 531, 0, 0, 0, 121, 203, 15, 0, 0, 4, 20, 245, 12, 0, 0, 820, 3746, 0, 0, 0, 424, 1525, 4, 0, 0, 403, 3516, 
22 -> 19001, 0, 0, 0, 0, 0, 0, 0, 0, 0, 0, 0, 0, 0, 0, 0, 1024, 0, 0, 0, 648, 384, 0, 0, 0, 0, 0, 0, 0, 0, 0, 0, 9, 0, 0, 0, 740, 1437, 0, 0, 5, 1144, 266, 0, 0, 0, 4, 0, 0, 0, 0, 0, 1, 27, 0, 0, 0, 1579, 2198, 2, 0, 11, 3102, 6218, 
21 -> 14653, 12, 0, 0, 0, 2, 0, 0, 0, 0, 0, 0, 0, 0, 0, 0, 877, 2, 0, 0, 415, 164, 5, 0, 0, 0, 10, 1, 0, 0, 0, 0, 13, 0, 0, 0, 918, 1610, 0, 0, 0, 626, 171, 21, 0, 0, 0, 2, 0, 0, 0, 0, 0, 53, 0, 0, 0, 1084, 1847, 0, 0, 0, 2233, 6947, 
20 -> 12358, 8, 0, 0, 0, 0, 0, 0, 0, 0, 0, 0, 0, 0, 0, 0, 1678, 15, 0, 0, 484, 359, 0, 0, 0, 0, 0, 0, 0, 0, 0, 0, 8, 0, 0, 0, 121, 876, 0, 0, 0, 356, 214, 0, 0, 0, 0, 0, 0, 0, 0, 0, 0, 4, 0, 0, 0, 229, 1165, 2, 0, 0, 2401, 6518, 
19 -> 13962, 0, 0, 0, 0, 0, 0, 0, 0, 0, 0, 0, 0, 0, 0, 0, 2703, 2, 0, 0, 548, 204, 0, 0, 0, 0, 0, 0, 0, 0, 0, 0, 2, 0, 0, 0, 126, 630, 0, 0, 0, 152, 109, 0, 0, 0, 0, 0, 0, 0, 0, 0, 0, 32, 0, 0, 0, 560, 796, 0, 0, 0, 460, 2556, 
18 -> 2039, 281, 0, 0, 6, 419, 844, 2, 0, 1, 1046, 3708, 0, 0, 0, 927, 121, 3, 0, 0, 33, 890, 62, 0, 0, 134, 602, 563, 0, 0, 0, 482, 13, 0, 0, 0, 36, 223, 6, 0, 0, 788, 6752, 52, 0, 0, 20, 65, 0, 0, 0, 0, 0, 8, 1, 0, 0, 107, 537, 6, 0, 0, 269, 374, 
17 -> 11, 437, 0, 0, 0, 1, 0, 0, 0, 0, 0, 0, 0, 0, 0, 0, 211, 2347, 0, 0, 0, 230, 5, 0, 0, 0, 0, 0, 0, 0, 0, 0, 3214, 13397, 0, 0, 13, 7133, 934, 0, 0, 0, 171, 3, 0, 0, 0, 0, 0, 3, 0, 0, 0, 145, 67, 0, 0, 0, 288, 226, 0, 0, 1, 20326, 
16 -> 48, 0, 0, 0, 0, 0, 0, 0, 0, 0, 0, 0, 0, 0, 0, 0, 334, 1, 0, 0, 130, 35, 1, 0, 0, 0, 1, 0, 0, 0, 0, 0, 159, 64, 1, 0, 861, 1335, 113, 0, 0, 743, 505, 20, 0, 0, 58, 860, 172, 38, 1, 0, 226, 1597, 401, 0, 0, 1798, 3514, 336, 0, 14, 3084, 12878, 
15 -> 35, 0, 0, 0, 0, 0, 0, 0, 0, 0, 0, 0, 0, 0, 0, 0, 593, 0, 0, 0, 143, 20, 0, 0, 4, 7, 0, 0, 0, 0, 0, 0, 1502, 78, 0, 0, 239, 515, 3, 0, 12, 172, 50, 0, 0, 6, 7, 0, 1082, 492, 0, 0, 173, 2808, 233, 0, 10, 349, 1774, 26, 3, 108, 888, 2061, 
14 -> 2, 133, 102, 0, 0, 393, 1685, 83, 0, 0, 71, 19, 0, 0, 5, 0, 0, 0, 0, 0, 0, 154, 1122, 114, 0, 0, 1735, 715, 0, 0, 1, 167, 0, 0, 0, 0, 0, 0, 2, 0, 0, 0, 1071, 2007, 0, 0, 15, 4163, 0, 0, 0, 0, 0, 0, 0, 0, 0, 0, 0, 11, 0, 0, 0, 10611, 
13 -> 589, 48, 0, 0, 0, 9, 0, 0, 0, 0, 0, 0, 0, 0, 0, 0, 4308, 287, 0, 0, 0, 124, 1, 0, 0, 0, 0, 0, 0, 0, 0, 0, 8182, 3865, 2, 0, 0, 347, 58, 0, 0, 2, 178, 355, 0, 0, 1, 151, 997, 5120, 90, 0, 0, 3977, 1872, 4, 0, 0, 393, 149, 0, 0, 8, 10583, 
12 -> 7052, 18750, 0, 0, 0, 676, 0, 0, 0, 0, 0, 0, 0, 0, 0, 0, 773, 2207, 0, 0, 2, 6542, 692, 0, 0, 0, 54, 0, 0, 0, 0, 0, 0, 3, 0, 0, 0, 197, 156, 0, 0, 0, 506, 38, 0, 0, 0, 5, 0, 0, 0, 0, 0, 0, 0, 0, 0, 0, 4, 4, 0, 0, 0, 6139, 
11 -> 4708, 38, 0, 0, 196, 3271, 237, 0, 0, 76, 462, 0, 0, 0, 0, 0, 518, 2, 0, 0, 411, 6325, 501, 0, 0, 1971, 4677, 4, 0, 0, 1, 2, 0, 0, 0, 0, 3, 51, 7, 0, 0, 614, 7592, 587, 0, 0, 268, 1129, 0, 0, 0, 0, 0, 0, 0, 0, 0, 0, 41, 55, 0, 0, 18, 507, 
10 -> 3096, 6783, 0, 0, 0, 2231, 0, 0, 0, 0, 0, 0, 0, 0, 0, 0, 0, 0, 0, 0, 0, 5562, 3723, 0, 0, 0, 683, 0, 0, 0, 0, 0, 0, 0, 0, 0, 0, 0, 1, 0, 0, 0, 1879, 785, 0, 0, 0, 94, 0, 0, 0, 0, 0, 0, 0, 0, 0, 0, 0, 0, 0, 0, 0, 10259, 
9 -> 168, 1, 0, 0, 0, 0, 0, 0, 0, 0, 0, 0, 0, 0, 0, 0, 4410, 0, 0, 0, 123, 26, 1, 0, 0, 1, 6, 0, 0, 0, 0, 0, 15416, 91, 0, 0, 804, 746, 0, 0, 0, 2348, 415, 1, 0, 0, 1, 1, 2214, 154, 0, 0, 943, 2422, 49, 0, 0, 2870, 4588, 0, 0, 12, 2899, 42, 
8 -> 3169, 496, 0, 0, 104, 1789, 6, 0, 0, 1, 2, 0, 0, 0, 0, 0, 676, 123, 0, 0, 186, 4669, 399, 0, 0, 114, 1959, 8, 0, 0, 1, 5, 8, 0, 0, 0, 21, 1382, 159, 0, 0, 234, 4443, 277, 0, 0, 112, 896, 0, 0, 0, 0, 0, 179, 7, 0, 0, 85, 1504, 116, 0, 0, 268, 11518, 
7 -> 1153, 111, 0, 0, 0, 15, 0, 0, 0, 0, 0, 0, 0, 0, 0, 0, 4193, 2162, 0, 0, 150, 5927, 11, 0, 0, 0, 0, 0, 0, 0, 0, 0, 340, 5449, 0, 0, 107, 1279, 387, 0, 0, 345, 308, 8, 0, 0, 0, 0, 0, 0, 0, 0, 0, 35, 265, 0, 0, 739, 2498, 385, 0, 0, 937, 10996, 
6 -> 11, 0, 0, 0, 0, 0, 0, 0, 0, 0, 0, 0, 0, 0, 0, 0, 1413, 0, 0, 0, 194, 23, 0, 0, 0, 0, 0, 0, 0, 0, 0, 0, 3235, 6, 0, 0, 1349, 1421, 0, 0, 0, 358, 2280, 0, 0, 0, 2, 0, 1013, 28, 0, 0, 424, 2306, 2, 0, 0, 1293, 1762, 2, 0, 0, 1435, 2513, 
5 -> 646, 3172, 2, 0, 1, 2236, 81, 0, 0, 0, 0, 0, 0, 0, 0, 0, 4, 2, 0, 0, 42, 2160, 2263, 0, 0, 7, 1159, 21, 0, 0, 0, 0, 0, 0, 0, 0, 10, 137, 4, 0, 2, 3957, 2854, 1786, 0, 0, 253, 1736, 0, 0, 0, 0, 0, 0, 0, 0, 0, 1901, 28, 0, 0, 0, 251, 6485, 
4 -> 1742, 41, 0, 0, 0, 180, 0, 0, 0, 0, 0, 0, 0, 0, 0, 0, 14815, 11, 0, 0, 68, 204, 15, 0, 0, 0, 5, 0, 0, 0, 0, 0, 7, 0, 0, 0, 73, 705, 7, 0, 0, 410, 676, 5, 0, 0, 0, 4, 0, 0, 0, 0, 0, 50, 0, 0, 0, 399, 2173, 7, 0, 0, 2298, 6605, 
3 -> 7777, 4662, 0, 0, 0, 701, 0, 0, 0, 0, 0, 0, 0, 0, 0, 0, 377, 20, 0, 0, 202, 2631, 551, 0, 0, 0, 8, 0, 0, 0, 0, 0, 0, 0, 0, 0, 6, 1031, 14, 0, 0, 1416, 861, 25, 0, 0, 0, 7, 0, 0, 0, 0, 0, 0, 0, 0, 0, 79, 1366, 9, 0, 0, 354, 9153, 
2 -> 2498, 1530, 342, 2, 251, 1392, 1123, 123, 0, 77, 594, 57, 0, 0, 36, 133, 49, 48, 90, 5, 231, 1236, 900, 242, 8, 523, 1315, 583, 0, 0, 87, 393, 0, 0, 0, 0, 14, 171, 26, 44, 4, 532, 1064, 476, 0, 26, 573, 1207, 0, 0, 0, 0, 0, 0, 0, 0, 0, 208, 480, 16, 0, 31, 868, 2885, 
1 -> 69, 0, 0, 0, 0, 0, 0, 0, 0, 0, 0, 0, 0, 0, 0, 0, 1000, 2, 0, 0, 267, 91, 0, 0, 9, 7, 0, 0, 0, 0, 0, 0, 2073, 121, 0, 0, 303, 937, 4, 0, 16, 218, 82, 0, 0, 14, 6, 0, 930, 602, 0, 0, 145, 4271, 376, 0, 12, 467, 2816, 53, 0, 160, 1391, 2946, 
