50 -> 5957, 244, 531, 251, 302, 276, 560, 266, 210, 136, 176, 226, 210, 180, 167, 179, 175, 120, 249, 481, 259, 133, 205, 422, 209, 186, 779, 551, 223, 140, 580, 604, 213, 160, 271, 154, 62, 113, 255, 104, 62, 111, 123, 105, 107, 91, 125, 100, 104, 215, 187, 476, 156, 199, 177, 438, 151, 1456, 6848, 
49 -> 6119, 398, 461, 338, 536, 329, 470, 300, 492, 200, 246, 252, 204, 157, 214, 219, 184, 332, 408, 417, 218, 271, 256, 335, 213, 614, 895, 445, 254, 429, 619, 560, 303, 358, 297, 227, 163, 247, 223, 176, 214, 175, 180, 172, 174, 165, 141, 145, 182, 505, 335, 409, 246, 431, 303, 414, 245, 1911, 9382, 
48 -> 3079, 255, 482, 295, 161, 220, 513, 239, 168, 116, 160, 204, 204, 163, 114, 157, 161, 109, 232, 1276, 235, 150, 181, 383, 208, 229, 1901, 877, 190, 182, 662, 929, 142, 163, 235, 206, 64, 158, 184, 133, 51, 108, 103, 98, 86, 111, 99, 85, 101, 135, 146, 459, 163, 119, 170, 496, 170, 1290, 6407, 
47 -> 7398, 148, 177, 143, 470, 125, 147, 143, 494, 81, 68, 85, 62, 79, 78, 85, 89, 343, 54, 95, 44, 337, 44, 88, 55, 405, 156, 75, 333, 364, 100, 105, 351, 77, 98, 89, 314, 80, 86, 103, 356, 75, 71, 88, 112, 107, 101, 76, 79, 563, 116, 259, 108, 535, 115, 242, 137, 1726, 6186, 
46 -> 623, 53, 167, 54, 115, 51, 101, 44, 108, 81, 87, 84, 69, 67, 68, 56, 56, 123, 109, 131, 96, 105, 58, 177, 109, 92, 154, 133, 132, 76, 146, 223, 140, 94, 114, 80, 76, 57, 155, 97, 100, 73, 70, 67, 43, 61, 64, 75, 89, 104, 44, 137, 47, 104, 46, 142, 52, 502, 1941, 
45 -> 2568, 171, 1401, 183, 121, 205, 1511, 208, 167, 494, 290, 240, 300, 506, 280, 334, 303, 156, 598, 483, 335, 146, 602, 553, 394, 141, 407, 310, 71, 164, 436, 370, 83, 477, 245, 179, 110, 474, 259, 232, 91, 197, 233, 426, 220, 283, 258, 401, 277, 226, 299, 793, 226, 268, 266, 812, 189, 2757, 9526, 
44 -> 1885, 115, 506, 147, 140, 109, 580, 134, 129, 248, 284, 181, 148, 237, 245, 198, 172, 197, 277, 489, 256, 95, 267, 1662, 311, 139, 636, 461, 91, 79, 888, 1053, 170, 155, 167, 123, 46, 97, 197, 148, 44, 94, 96, 99, 92, 66, 70, 95, 114, 147, 144, 444, 139, 122, 132, 418, 152, 1143, 4967, 
43 -> 2144, 159, 245, 196, 89, 172, 234, 170, 83, 55, 71, 75, 94, 66, 72, 49, 60, 43, 104, 205, 132, 70, 96, 103, 92, 115, 676, 656, 105, 78, 442, 476, 60, 88, 175, 121, 49, 76, 74, 79, 35, 56, 60, 56, 57, 48, 44, 60, 85, 90, 171, 255, 163, 84, 124, 257, 176, 979, 4899, 
42 -> 6535, 416, 553, 416, 207, 438, 512, 369, 231, 200, 210, 432, 522, 240, 196, 421, 448, 197, 230, 3184, 353, 189, 226, 2601, 330, 128, 778, 1159, 136, 144, 738, 1393, 120, 192, 149, 261, 40, 169, 149, 218, 55, 70, 59, 73, 83, 53, 59, 85, 78, 124, 58, 388, 36, 123, 57, 398, 32, 453, 3625, 
41 -> 6117, 224, 306, 307, 258, 280, 301, 270, 163, 92, 110, 137, 102, 120, 128, 124, 90, 74, 100, 268, 207, 77, 123, 242, 223, 90, 292, 704, 276, 99, 418, 592, 375, 89, 204, 196, 79, 103, 176, 208, 60, 103, 86, 100, 101, 114, 79, 91, 107, 217, 249, 358, 257, 191, 222, 355, 297, 1601, 7759, 
40 -> 10099, 176, 360, 316, 85, 196, 323, 163, 66, 108, 180, 280, 170, 102, 60, 156, 177, 351, 124, 2302, 51, 137, 42, 1581, 50, 63, 846, 463, 70, 86, 412, 369, 43, 152, 75, 107, 14, 73, 43, 109, 7, 23, 17, 38, 26, 12, 14, 42, 48, 46, 32, 334, 29, 41, 37, 341, 26, 331, 2038, 
39 -> 5753, 212, 407, 291, 242, 200, 313, 160, 178, 181, 255, 261, 190, 167, 159, 134, 179, 367, 283, 696, 202, 286, 163, 474, 178, 347, 769, 723, 236, 188, 387, 514, 300, 221, 235, 167, 76, 118, 175, 174, 78, 90, 73, 54, 76, 66, 66, 74, 104, 157, 69, 340, 80, 147, 72, 381, 97, 626, 3574, 
38 -> 6591, 275, 687, 228, 468, 245, 632, 324, 460, 260, 258, 249, 277, 281, 270, 284, 262, 219, 275, 464, 274, 280, 294, 417, 259, 293, 598, 828, 340, 273, 578, 561, 393, 257, 278, 260, 166, 262, 225, 260, 145, 158, 146, 170, 163, 173, 138, 164, 170, 396, 131, 558, 115, 375, 131, 516, 117, 1337, 6712, 
37 -> 7124, 302, 792, 236, 540, 261, 740, 326, 559, 347, 312, 293, 303, 372, 348, 385, 345, 495, 404, 859, 345, 608, 387, 1083, 308, 523, 1568, 731, 645, 492, 1203, 695, 655, 378, 448, 404, 310, 411, 419, 384, 304, 253, 243, 231, 228, 198, 212, 229, 258, 441, 160, 691, 136, 405, 138, 668, 171, 1691, 7038, 
36 -> 9731, 248, 492, 222, 431, 270, 523, 264, 462, 312, 284, 306, 328, 353, 315, 335, 350, 410, 385, 647, 433, 540, 450, 802, 477, 557, 887, 820, 752, 606, 1021, 1060, 619, 394, 289, 399, 250, 393, 393, 421, 175, 188, 182, 197, 183, 200, 182, 171, 142, 372, 96, 502, 125, 382, 119, 448, 112, 1058, 5992, 
35 -> 3025, 167, 707, 171, 581, 143, 683, 132, 615, 396, 385, 484, 438, 347, 367, 457, 545, 908, 617, 1395, 455, 759, 569, 1683, 620, 853, 1163, 912, 611, 766, 1175, 1233, 659, 628, 631, 517, 398, 601, 697, 645, 438, 205, 234, 216, 196, 223, 263, 215, 251, 452, 31, 527, 44, 470, 39, 603, 45, 881, 4451, 
34 -> 1544, 95, 189, 93, 120, 88, 209, 93, 107, 71, 71, 86, 79, 78, 91, 91, 98, 95, 120, 166, 112, 105, 102, 167, 112, 129, 319, 202, 207, 87, 255, 265, 177, 125, 168, 109, 104, 121, 144, 132, 95, 70, 81, 80, 87, 69, 63, 57, 85, 97, 70, 184, 68, 91, 71, 200, 69, 644, 2879, 
33 -> 4768, 219, 431, 176, 274, 169, 481, 251, 382, 252, 231, 264, 265, 282, 270, 315, 292, 476, 334, 606, 396, 600, 365, 729, 352, 524, 599, 829, 520, 509, 770, 893, 537, 274, 323, 286, 258, 266, 351, 279, 234, 144, 147, 147, 171, 137, 163, 158, 132, 242, 80, 429, 96, 271, 88, 394, 96, 947, 4629, 
32 -> 1445, 143, 592, 89, 172, 109, 673, 100, 170, 205, 224, 180, 211, 227, 201, 178, 194, 212, 342, 563, 265, 215, 319, 548, 288, 336, 697, 744, 150, 351, 702, 891, 212, 290, 380, 230, 185, 268, 384, 229, 196, 139, 147, 182, 174, 122, 141, 199, 178, 169, 89, 651, 64, 157, 86, 604, 63, 1035, 4076, 
31 -> 5341, 326, 670, 237, 576, 232, 696, 274, 509, 273, 292, 298, 321, 238, 267, 244, 285, 398, 418, 648, 393, 373, 296, 643, 335, 421, 1117, 818, 434, 313, 672, 847, 418, 332, 429, 302, 166, 279, 302, 294, 168, 227, 198, 190, 172, 154, 171, 176, 202, 441, 129, 587, 112, 389, 148, 601, 135, 1445, 6266, 
30 -> 3664, 130, 536, 275, 461, 165, 518, 145, 464, 259, 243, 331, 260, 229, 234, 225, 255, 459, 356, 950, 300, 472, 290, 789, 338, 460, 790, 820, 497, 370, 554, 1116, 379, 353, 463, 327, 303, 322, 464, 371, 282, 215, 235, 215, 207, 204, 204, 228, 195, 356, 88, 456, 115, 338, 96, 531, 124, 1330, 5273, 
29 -> 2927, 139, 558, 160, 244, 185, 584, 194, 240, 297, 316, 229, 254, 245, 289, 215, 203, 259, 453, 721, 314, 328, 316, 708, 356, 256, 1232, 744, 309, 222, 800, 925, 228, 347, 533, 242, 248, 207, 461, 252, 245, 194, 204, 199, 215, 160, 122, 260, 242, 221, 73, 601, 97, 183, 81, 660, 79, 1142, 4577, 
28 -> 5927, 194, 744, 132, 383, 134, 785, 244, 407, 342, 388, 295, 270, 342, 367, 313, 360, 563, 346, 848, 384, 550, 378, 903, 392, 359, 749, 934, 540, 343, 605, 951, 412, 411, 718, 444, 425, 374, 696, 434, 434, 244, 222, 288, 321, 247, 234, 280, 324, 357, 96, 801, 88, 367, 78, 720, 106, 1988, 6227, 
27 -> 3186, 106, 150, 132, 1134, 148, 159, 116, 925, 42, 67, 124, 128, 86, 59, 73, 80, 372, 111, 373, 130, 366, 59, 146, 45, 1230, 347, 282, 994, 948, 107, 187, 840, 156, 164, 183, 180, 74, 54, 86, 182, 139, 132, 81, 49, 46, 61, 49, 58, 1193, 98, 166, 48, 805, 68, 123, 93, 902, 4083, 
26 -> 1661, 134, 262, 156, 181, 102, 240, 91, 181, 110, 100, 95, 79, 89, 90, 87, 109, 205, 100, 170, 75, 118, 54, 179, 81, 128, 245, 204, 82, 79, 132, 228, 120, 102, 126, 82, 61, 63, 114, 91, 60, 67, 66, 60, 53, 47, 78, 65, 54, 157, 64, 278, 56, 138, 61, 252, 76, 778, 3068, 
25 -> 11067, 284, 735, 286, 341, 206, 643, 216, 355, 221, 238, 237, 215, 193, 170, 235, 257, 337, 256, 847, 216, 171, 197, 800, 251, 287, 1053, 871, 256, 183, 715, 877, 332, 223, 463, 185, 113, 199, 391, 239, 161, 158, 131, 122, 102, 139, 139, 132, 158, 290, 110, 749, 111, 297, 125, 809, 127, 1446, 6425, 
24 -> 6982, 329, 1418, 280, 366, 361, 1311, 298, 349, 289, 357, 383, 338, 365, 352, 304, 343, 357, 632, 1455, 533, 401, 495, 1378, 373, 413, 4191, 1332, 727, 378, 3371, 1644, 592, 538, 859, 429, 271, 443, 808, 342, 229, 264, 258, 280, 251, 231, 228, 261, 269, 302, 208, 1407, 149, 247, 195, 1392, 202, 2122, 9652, 
23 -> 5421, 416, 954, 452, 634, 392, 945, 380, 658, 411, 412, 448, 458, 411, 412, 443, 412, 578, 521, 1401, 553, 571, 490, 1181, 493, 1055, 1175, 2213, 652, 932, 1122, 2351, 671, 492, 916, 563, 409, 557, 1095, 552, 409, 356, 344, 333, 377, 394, 339, 366, 349, 545, 207, 1096, 289, 611, 272, 1027, 274, 2923, 12205, 
22 -> 7940, 158, 68, 168, 1818, 144, 66, 131, 1764, 101, 98, 77, 62, 73, 69, 45, 81, 459, 52, 199, 45, 427, 57, 115, 49, 528, 172, 44, 443, 432, 31, 77, 428, 71, 154, 58, 393, 49, 84, 48, 433, 78, 59, 72, 66, 49, 76, 87, 79, 1842, 155, 89, 151, 1734, 162, 102, 136, 3859, 11311, 
21 -> 1504, 128, 446, 143, 278, 112, 387, 122, 282, 186, 185, 146, 138, 168, 181, 162, 127, 348, 221, 165, 201, 361, 182, 186, 229, 471, 233, 339, 374, 466, 269, 323, 409, 220, 154, 187, 309, 194, 176, 214, 304, 136, 132, 176, 178, 119, 129, 180, 164, 236, 94, 365, 95, 232, 98, 392, 103, 1203, 4778, 
20 -> 1684, 173, 318, 214, 442, 189, 324, 180, 337, 126, 146, 169, 176, 167, 148, 169, 128, 311, 227, 421, 278, 365, 211, 314, 205, 689, 543, 742, 628, 638, 485, 657, 585, 232, 284, 289, 264, 239, 250, 232, 204, 177, 156, 144, 129, 150, 118, 123, 129, 382, 148, 260, 144, 329, 132, 278, 162, 1118, 5397, 
19 -> 3212, 109, 237, 115, 314, 114, 223, 111, 269, 153, 138, 143, 155, 143, 158, 155, 156, 264, 164, 298, 193, 305, 182, 239, 195, 320, 512, 215, 359, 340, 232, 261, 314, 110, 168, 124, 185, 117, 170, 107, 160, 106, 108, 101, 90, 104, 104, 99, 94, 255, 102, 210, 128, 255, 108, 248, 117, 1162, 4474, 
18 -> 8738, 620, 801, 810, 625, 625, 853, 715, 624, 541, 557, 550, 525, 569, 572, 368, 461, 801, 555, 1062, 408, 769, 516, 593, 400, 979, 1279, 726, 556, 909, 1074, 666, 569, 1319, 609, 1138, 573, 1164, 565, 1204, 584, 252, 272, 328, 271, 224, 286, 370, 311, 539, 320, 484, 257, 491, 398, 576, 312, 2653, 12254, 
17 -> 6172, 135, 377, 140, 301, 169, 423, 118, 287, 257, 243, 255, 251, 271, 234, 223, 226, 428, 461, 659, 465, 441, 442, 522, 361, 679, 1205, 862, 778, 783, 955, 760, 805, 483, 437, 469, 345, 424, 353, 396, 386, 208, 200, 236, 205, 170, 202, 238, 207, 268, 114, 413, 85, 260, 101, 401, 112, 909, 4285, 
16 -> 3771, 365, 580, 205, 284, 218, 573, 326, 323, 215, 178, 163, 200, 192, 268, 326, 362, 193, 275, 516, 258, 223, 422, 1017, 400, 296, 925, 900, 325, 378, 1057, 1458, 365, 222, 380, 242, 157, 321, 506, 296, 145, 138, 143, 157, 209, 207, 206, 181, 142, 241, 137, 537, 176, 319, 165, 551, 133, 1378, 6390, 
15 -> 3330, 244, 852, 283, 639, 286, 891, 235, 591, 133, 132, 163, 191, 144, 137, 140, 116, 222, 136, 587, 139, 250, 132, 385, 103, 265, 787, 795, 384, 280, 641, 512, 376, 149, 455, 181, 203, 171, 265, 158, 200, 154, 138, 138, 127, 113, 137, 128, 149, 578, 172, 746, 171, 506, 212, 780, 214, 2560, 9864, 
14 -> 915, 102, 376, 74, 84, 84, 329, 92, 104, 128, 117, 69, 80, 89, 121, 112, 102, 51, 138, 161, 154, 66, 172, 126, 135, 47, 186, 153, 66, 54, 141, 170, 59, 75, 86, 92, 29, 101, 81, 105, 41, 58, 62, 73, 60, 70, 56, 76, 78, 108, 89, 279, 110, 102, 96, 298, 95, 985, 3668, 
13 -> 3048, 278, 517, 310, 316, 275, 573, 299, 322, 213, 208, 171, 177, 179, 205, 185, 194, 324, 259, 594, 275, 445, 239, 607, 232, 410, 1085, 665, 522, 500, 972, 944, 459, 256, 402, 305, 244, 273, 356, 253, 185, 151, 138, 180, 188, 137, 126, 165, 148, 280, 184, 466, 185, 230, 186, 480, 193, 1463, 7294, 
12 -> 1595, 120, 233, 127, 285, 128, 243, 159, 249, 83, 106, 112, 93, 114, 102, 109, 109, 142, 86, 238, 165, 132, 97, 192, 124, 215, 346, 381, 298, 222, 180, 273, 425, 72, 181, 138, 97, 78, 113, 111, 107, 86, 76, 84, 79, 85, 70, 61, 71, 272, 80, 274, 92, 264, 75, 248, 90, 872, 3845, 
11 -> 4777, 163, 513, 174, 409, 200, 549, 187, 383, 153, 142, 166, 199, 197, 194, 177, 206, 232, 253, 499, 288, 255, 324, 526, 258, 315, 983, 538, 461, 350, 818, 647, 411, 126, 371, 144, 209, 184, 399, 147, 214, 111, 124, 110, 115, 114, 99, 87, 108, 408, 136, 570, 139, 427, 117, 533, 99, 1595, 6286, 
10 -> 5832, 256, 503, 297, 195, 277, 407, 172, 170, 177, 161, 282, 313, 120, 113, 163, 300, 184, 178, 1593, 177, 131, 85, 974, 156, 215, 838, 904, 120, 183, 247, 639, 128, 302, 301, 254, 66, 260, 125, 233, 85, 127, 89, 135, 75, 80, 76, 142, 110, 116, 65, 332, 57, 101, 70, 403, 73, 692, 3875, 
9 -> 3156, 222, 435, 351, 248, 249, 429, 235, 224, 146, 162, 394, 221, 129, 96, 128, 184, 211, 285, 1273, 273, 227, 156, 483, 213, 504, 1246, 1300, 248, 457, 444, 1096, 239, 323, 430, 347, 197, 258, 286, 292, 174, 182, 136, 186, 141, 126, 92, 142, 150, 250, 131, 328, 134, 195, 119, 343, 162, 1210, 5809, 
8 -> 13870, 571, 718, 403, 343, 374, 683, 475, 443, 313, 254, 262, 245, 207, 255, 336, 388, 382, 283, 572, 192, 273, 374, 1062, 377, 336, 1206, 629, 400, 436, 1451, 1181, 594, 216, 244, 187, 102, 319, 379, 280, 116, 102, 113, 112, 124, 146, 140, 130, 111, 227, 162, 580, 204, 263, 190, 640, 171, 1375, 7881, 
7 -> 5362, 464, 675, 315, 444, 288, 710, 299, 430, 347, 259, 304, 274, 282, 246, 290, 344, 359, 302, 842, 313, 391, 392, 854, 368, 525, 676, 751, 422, 616, 594, 1022, 392, 372, 290, 366, 288, 399, 267, 327, 198, 223, 287, 302, 231, 228, 202, 270, 223, 456, 243, 699, 219, 420, 211, 654, 205, 1992, 9314, 
6 -> 5000, 197, 189, 285, 168, 276, 163, 213, 121, 71, 101, 165, 172, 106, 61, 63, 63, 100, 169, 517, 177, 75, 89, 164, 75, 164, 554, 513, 134, 154, 195, 306, 119, 144, 269, 200, 49, 85, 113, 77, 68, 128, 102, 94, 75, 50, 61, 58, 88, 153, 231, 214, 212, 112, 175, 221, 243, 1019, 5406, 
5 -> 16449, 417, 387, 481, 365, 439, 452, 451, 376, 255, 263, 323, 258, 256, 244, 276, 233, 426, 498, 766, 335, 393, 430, 631, 376, 803, 1208, 681, 556, 801, 1061, 716, 430, 401, 303, 333, 237, 391, 279, 327, 218, 156, 155, 188, 191, 139, 161, 191, 180, 327, 307, 473, 275, 334, 292, 487, 262, 1866, 9853, 
4 -> 17482, 596, 734, 603, 386, 432, 526, 407, 339, 491, 471, 553, 382, 255, 272, 374, 536, 733, 463, 1234, 220, 343, 285, 1021, 521, 442, 1291, 1154, 294, 350, 860, 1366, 624, 417, 249, 215, 85, 279, 242, 475, 175, 135, 121, 116, 102, 109, 131, 195, 219, 271, 90, 511, 77, 264, 107, 604, 120, 992, 6379, 
3 -> 9721, 477, 564, 408, 564, 428, 594, 404, 558, 277, 235, 276, 265, 242, 220, 312, 305, 476, 253, 471, 254, 591, 250, 575, 253, 818, 411, 675, 441, 731, 520, 529, 416, 283, 190, 245, 239, 236, 186, 256, 323, 153, 144, 143, 148, 147, 159, 175, 140, 478, 206, 487, 196, 458, 237, 534, 205, 2073, 9109, 
2 -> 3141, 739, 761, 188, 267, 188, 664, 257, 346, 305, 216, 239, 229, 192, 278, 314, 906, 245, 394, 780, 279, 212, 406, 2297, 569, 352, 1359, 1028, 395, 394, 1470, 1980, 413, 296, 394, 237, 149, 365, 494, 394, 149, 152, 135, 145, 179, 172, 186, 154, 167, 218, 116, 638, 122, 261, 130, 627, 99, 1100, 5662, 
1 -> 3621, 221, 422, 196, 145, 162, 387, 170, 179, 183, 170, 144, 171, 133, 197, 173, 184, 352, 255, 550, 333, 239, 284, 493, 332, 290, 594, 1185, 262, 352, 468, 1207, 303, 101, 255, 136, 127, 104, 277, 173, 114, 79, 92, 107, 96, 104, 92, 90, 103, 144, 115, 477, 130, 185, 133, 484, 129, 1213, 4971, 
